<Hierarchy>:
	<Frame>: 0 1 SoldierMeleeA4
		<Transform>: 0 0 0 0 0 0 1 1 1 0 0 0 1  
		<TransformMatrix>: 1 0 0 0 0 1 0 0 0 0 1 0 0 0 0 1  
		<Children>: 4
			<Frame>: 1 0 armor1
				<Transform>: 0.0003133583 0 -0.001953812 7.629395E-06 0 0 1 1 1 6.657903E-08 0 0 1  
				<TransformMatrix>: 1 0 0 0 0 1 1.331581E-07 0 0 -1.331581E-07 1 0 0.0003133583 0 -0.001953812 1  
				<Children>: 0
			</Frame>
			<Frame>: 2 0 Group36936
				<Transform>: 0.0003133583 -0.001800735 0.01698366 270 0 0 1 1 1 -0.7071068 0 0 0.7071068  
				<TransformMatrix>: 1 0 0 0 0 -1.192093E-07 -1 0 0 1 -1.192093E-07 0 0.0003133583 -0.001800735 0.01698366 1  
				<Mesh>: 11086 Group36936
					<Bounds>: 0 0.009082144 0.08052858 0.031529 0.02468838 0.07865059
					<Positions>: 0  
					<Colors>: 0  
					<TextureCoords0>: 0  
					<TextureCoords1>: 0  
					<Normals>: 0  
					<SubMeshes>: 1
						<SubMesh>: 0 0  
				</Mesh>
				<Materials>: 1
					<Material>: 0
						<AlbedoColor>: 1 1 1 1
						<EmissiveColor>: 0 0 0 1
						<Glossiness>: 0
						<Metallic>: 0
						<SpecularHighlight>: 1
						<GlossyReflection>: 1
						<AlbedoMap>: Zombie_defaultMat_AlbedoTransparency
						<SpecularMap>: null
						<MetallicMap>: null
						<NormalMap>: null
						<EmissionMap>: null
						<DetailAlbedoMap>: null
						<DetailNormalMap>: null
				</Materials>
				<Children>: 0
			</Frame>
			<Frame>: 3 0 mixamorig:Hips
				<Transform>: 0.0003123569 0.07263105 -0.002312309 -0.0001449585 -0.0003988725 0.01240262 1 1 1 -1.265378E-06 -3.480682E-06 0.0001082333 1  
				<TransformMatrix>: 1 0.0002164666 6.961091E-06 0 -0.0002164666 1 -2.53151E-06 0 -6.961638E-06 2.530003E-06 1 0 0.0003123569 0.07263105 -0.002312309 1  
				<Children>: 3
					<Frame>: 4 0 mixamorig:LeftUpLeg
						<Transform>: -0.007547426 -0.00417552 0.0002212664 357.3299 0.1282341 179.6922 1 1 1 0.001056164 0.02330188 0.9997244 0.002659239  
						<TransformMatrix>: -0.9999837 0.005366233 0.001987815 0 -0.005267791 -0.9989001 0.04659653 0 0.002235676 0.04658529 0.9989118 0 -0.007547426 -0.00417552 0.0002212664 1  
						<Children>: 1
							<Frame>: 5 0 mixamorig:LeftLeg
								<Transform>: -5.960464E-10 0.03038478 -5.960464E-10 351.0305 359.927 0.615771 1 1 0.9999998 -0.07819557 -0.0002145371 0.005307353 0.9969239  
								<TransformMatrix>: 0.9999436 0.01061561 -0.0004022687 0 -0.0105485 0.9877146 -0.1559124 0 -0.001257777 0.1559078 0.9877706 0 -5.960464E-10 0.03038478 -5.960464E-10 1  
								<Children>: 1
									<Frame>: 6 0 mixamorig:LeftFoot
										<Transform>: 5.960464E-10 0.02938447 -1.192093E-09 62.38593 1.283914 349.4011 1 0.9999999 0.9999999 0.5147907 0.05737614 -0.08478133 0.851182  
										<TransformMatrix>: 0.9790402 -0.08525527 -0.1849643 0 0.2034021 0.4556052 0.8666323 0 0.01038578 -0.8860899 0.4633969 0 5.960464E-10 0.02938447 -1.192093E-09 1  
										<Children>: 1
											<Frame>: 7 0 mixamorig:LeftToeBase
												<Transform>: -1.192093E-09 0.01410714 0 33.96047 14.00478 3.602754E-06 1 1 1 0.2898635 0.1165961 -0.03560302 0.9492718  
												<TransformMatrix>: 0.9702755 5.215406E-08 -0.2420029 0 0.1351878 0.8294232 0.5420161 0 0.2007228 -0.5586208 0.804769 0 -1.192093E-09 0.01410714 0 1  
												<Children>: 1
													<Frame>: 8 0 mixamorig:LeftToe_End
														<Transform>: 5.960464E-10 0.005444101 0 0 0 0 1 1 1 0 0 0 1  
														<TransformMatrix>: 1 0 0 0 0 1 0 0 0 0 1 0 5.960464E-10 0.005444101 0 1  
														<Children>: 0
													</Frame>
											</Frame>
									</Frame>
							</Frame>
					</Frame>
					<Frame>: 9 0 mixamorig:RightUpLeg
						<Transform>: 0.007547426 -0.00417552 0.0003845307 357.2576 359.8595 180.2841 1 0.9999999 0.9999999 -0.001166038 0.02393292 0.9997099 -0.002449261  
						<TransformMatrix>: -0.9999855 -0.004952915 -0.002214163 0 0.004841288 -0.9988424 0.04785767 0 -0.002448634 0.04784625 0.9988517 0 0.007547426 -0.00417552 0.0003845307 1  
						<Children>: 1
							<Frame>: 10 0 mixamorig:RightLeg
								<Transform>: -5.960464E-10 0.03038825 0 350.5663 0.07793909 359.38 1 1 1 -0.08223433 0.0002329485 -0.005335875 0.9965987  
								<TransformMatrix>: 0.999943 -0.01067377 0.0004132719 0 0.01059714 0.9864182 -0.1639118 0 0.001341897 0.1639068 0.9864751 0 -5.960464E-10 0.03038825 0 1  
								<Children>: 1
									<Frame>: 11 0 mixamorig:RightFoot
										<Transform>: 5.960464E-10 0.02941137 0 62.59219 358.6716 10.62502 1 1 0.9999999 0.5162776 -0.05795555 0.08510642 0.8502092  
										<TransformMatrix>: 0.9787961 0.08487424 0.1864257 0 -0.2045588 0.4524288 0.868023 0 -0.01067161 -0.8877525 0.4601972 0 5.960464E-10 0.02941137 0 1  
										<Children>: 1
											<Frame>: 12 0 mixamorig:RightToeBase
												<Transform>: 0 0.01404165 5.960464E-10 34.1121 346.2969 1.0312E-06 1 1 0.9999999 0.2912125 -0.1140502 0.03499069 0.949191  
												<TransformMatrix>: 0.9715364 1.490116E-08 0.2368903 0 -0.1328514 0.8279419 0.5448511 0 -0.1961314 -0.5608138 0.8043756 0 0 0.01404165 5.960464E-10 1  
												<Children>: 1
													<Frame>: 13 0 mixamorig:RightToe_End
														<Transform>: 0 0.005474879 0 0 0 0 1 1 1 0 0 0 1  
														<TransformMatrix>: 1 0 0 0 0 1 0 0 0 0 1 0 0 0.005474879 0 1  
														<Children>: 0
													</Frame>
											</Frame>
									</Frame>
							</Frame>
					</Frame>
					<Frame>: 14 0 mixamorig:Spine
						<Transform>: 0 0.007492871 -0.001173219 351.1011 0.002340819 359.9875 1 1 1 -0.07757916 1.186698E-05 -0.0001076371 0.9969862  
						<TransformMatrix>: 1 -0.0002164666 -6.961642E-06 0 0.0002127841 0.987963 -0.1546907 0 4.036321E-05 0.1546907 0.987963 0 0 0.007492871 -0.001173219 1  
						<Children>: 1
							<Frame>: 15 0 mixamorig:Spine1
								<Transform>: 0 0.008848195 -1.192093E-09 -1.590277E-15 -1.691816E-11 7.646866E-11 1 1 1 -1.387779E-17 -1.476388E-13 6.673149E-13 1  
								<TransformMatrix>: 1 1.33463E-12 2.952776E-13 0 -1.33463E-12 1 -2.775558E-17 0 -2.952776E-13 2.775558E-17 1 0 0 0.008848195 -1.192093E-09 1  
								<Children>: 1
									<Frame>: 16 0 mixamorig:Spine2
										<Transform>: 0 0.01011221 -1.192093E-09 -1.590277E-15 0 3.615872E-28 1 1 1 -1.387779E-17 0 3.155444E-30 1  
										<TransformMatrix>: 1 6.310887E-30 0 0 -6.310887E-30 1 -2.775558E-17 0 0 2.775558E-17 1 0 0 0.01011221 -1.192093E-09 1  
										<Children>: 3
											<Frame>: 17 0 mixamorig:LeftShoulder
												<Transform>: -0.005568863 0.00925787 -0.000357914 84.63889 81.76299 172.8843 1 1 1 0.5145926 -0.4780183 0.5306138 0.4744912  
												<TransformMatrix>: -0.02010512 0.01157388 0.9997309 0 -0.9955126 -0.09271312 -0.01894692 0 0.09246889 -0.9956256 0.01338589 0 -0.005568863 0.00925787 -0.000357914 1  
												<Children>: 1
													<Frame>: 18 0 mixamorig:LeftArm
														<Transform>: 0 0.01183716 9.536743E-09 75.81902 331.484 341.5895 0.9999999 0.9999999 0.9999999 0.6189063 -0.09655378 0.02704848 0.7790384  
														<TransformMatrix>: 0.9798914 -0.07737187 0.1839191 0 -0.1616591 0.2324468 0.95908 0 -0.1169573 -0.9695266 0.2152648 0 0 0.01183716 9.536743E-09 1  
														<Children>: 1
															<Frame>: 19 0 mixamorig:LeftForeArm
																<Transform>: 1.192093E-09 0.02305551 0 344.242 324.9018 342.687 1 1 0.9999999 -0.08425892 -0.3149465 -0.1830133 0.9274779  
																<TransformMatrix>: 0.7346296 -0.2864076 0.6150528 0 0.3925558 0.9188131 -0.04101776 0 -0.5533708 0.2715754 0.7874181 0 1.192093E-09 0.02305551 0 1  
																<Children>: 1
																	<Frame>: 20 0 mixamorig:LeftHand
																		<Transform>: -9.536743E-09 0.02807844 4.768371E-09 1.284335 48.75293 7.876265 1 1 1 0.03852871 0.4110288 0.05793798 0.9089632  
																		<TransformMatrix>: 0.6553971 0.1369998 -0.7427555 0 -0.07365417 0.9903176 0.1176707 0 0.7516846 -0.022414 0.6591418 0 -9.536743E-09 0.02807844 4.768371E-09 1  
																		<Children>: 5
																			<Frame>: 21 0 mixamorig:LeftHandIndex1
																				<Transform>: 0.0048107 0.01346849 -0.0001175022 358.7201 0.1206744 351.2304 1 1 1 -0.01121673 0.0001960175 -0.07643823 0.9970112  
																				<TransformMatrix>: 0.9883143 -0.1524239 0.001323911 0 0.1524152 0.9880627 -0.02239638 0 0.002105638 0.02233645 0.9997483 0 0.0048107 0.01346849 -0.0001175022 1  
																				<Children>: 1
																					<Frame>: 22 0 mixamorig:LeftHandIndex2
																						<Transform>: -6.570965E-05 0.004236212 -9.536743E-09 0.0003351386 359.98 1.404967 1 1 1 7.828952E-07 -0.0001746933 0.01226034 0.9999248  
																						<TransformMatrix>: 0.9996994 0.02451884 0.0003493796 0 -0.02451884 0.9996995 -2.717926E-06 0 -0.0003493412 -5.849273E-06 1 0 -6.570965E-05 0.004236212 -9.536743E-09 1  
																						<Children>: 1
																							<Frame>: 23 0 mixamorig:LeftHandIndex3
																								<Transform>: 3.645241E-05 0.004026298 0 -4.527329E-05 0.000761433 359.9477 0.9999999 1 0.9999999 -3.981177E-07 6.644576E-06 -0.000456558 0.9999999  
																								<TransformMatrix>: 0.9999995 -0.0009131159 -1.328879E-05 0 0.000913116 0.9999996 -8.023026E-07 0 1.328951E-05 7.90168E-07 0.9999999 0 3.645241E-05 0.004026298 0 1  
																								<Children>: 1
																									<Frame>: 24 0 mixamorig:LeftHandIndex4
																										<Transform>: 2.925813E-05 0.003612089 -9.536743E-09 0 0 0 1 1 1 0 0 0 1  
																										<TransformMatrix>: 1 0 0 0 0 1 0 0 0 0 1 0 2.925813E-05 0.003612089 -9.536743E-09 1  
																										<Children>: 0
																									</Frame>
																							</Frame>
																					</Frame>
																			</Frame>
																			<Frame>: 25 0 mixamorig:LeftHandMiddle1
																				<Transform>: 0.001907443 0.01378493 -0.0003117561 358.8289 0.9062619 350.7833 1 1 1 -0.01082157 0.007061509 -0.08025709 0.9966905  
																				<TransformMatrix>: 0.9870179 -0.1601358 -0.01233926 0 0.1598301 0.9868834 -0.02270497 0 0.01581329 0.02043803 0.999666 0 0.001907443 0.01378493 -0.0003117561 1  
																				<Children>: 1
																					<Frame>: 26 0 mixamorig:LeftHandMiddle2
																						<Transform>: -0.0001034772 0.004460058 0 0.001595734 359.9301 1.71234 1 1 1 4.811689E-06 -0.0006099575 0.01494244 0.9998882  
																						<TransformMatrix>: 0.9995527 0.02988153 0.001219922 0 -0.02988155 0.9995536 -8.606205E-06 0 -0.001219635 -2.785081E-05 0.9999993 0 -0.0001034772 0.004460058 0 1  
																						<Children>: 1
																							<Frame>: 27 0 mixamorig:LeftHandMiddle3
																								<Transform>: 2.798617E-05 0.004120436 -9.536743E-09 0.0003748692 0.05183409 0.7628242 1 1 1 6.282422E-06 0.000452306 0.006656846 0.9999778  
																								<TransformMatrix>: 0.999911 0.0133134 -0.0009045082 0 -0.01331339 0.9999115 1.858643E-05 0 0.0009046756 -6.542702E-06 0.9999997 0 2.798617E-05 0.004120436 -9.536743E-09 1  
																								<Children>: 1
																									<Frame>: 28 0 mixamorig:LeftHandMiddle4
																										<Transform>: 7.549256E-05 0.003728771 0 0 0 0 1 1 1 0 0 0 1  
																										<TransformMatrix>: 1 0 0 0 0 1 0 0 0 0 1 0 7.549256E-05 0.003728771 0 1  
																										<Children>: 0
																									</Frame>
																							</Frame>
																					</Frame>
																			</Frame>
																			<Frame>: 29 0 mixamorig:LeftHandPinky1
																				<Transform>: -0.004978753 0.01167413 -0.0006846618 358.9828 2.015265 349.0729 1 0.9999999 1 -0.01050884 0.01666002 -0.0950385 0.9952787  
																				<TransformMatrix>: 0.9813802 -0.1895298 -0.03116524 0 0.1888294 0.9817144 -0.02408513 0 0.03516022 0.01775176 0.999224 0 -0.004978753 0.01167413 -0.0006846618 1  
																				<Children>: 1
																					<Frame>: 30 0 mixamorig:LeftHandPinky2
																						<Transform>: -0.0002403605 0.004560943 0 0.01505051 359.7149 4.541546 1 1 1 3.266522E-05 -0.002491047 0.0396223 0.9992117  
																						<TransformMatrix>: 0.9968479 0.07918197 0.004980755 0 -0.07918229 0.9968601 -0.0001321231 0 -0.004975578 -0.000262681 0.9999877 0 -0.0002403605 0.004560943 0 1  
																						<Children>: 1
																							<Frame>: 31 0 mixamorig:LeftHandPinky3
																								<Transform>: 9.538233E-05 0.003558035 0 0.006818216 0.2548432 1.05772 1 1 1 8.002478E-05 0.00222328 0.00923006 0.9999549  
																								<TransformMatrix>: 0.9998199 0.01845964 -0.004444884 0 -0.01845893 0.9998296 0.0002010844 0 0.004447838 -0.0001190003 0.9999902 0 9.538233E-05 0.003558035 0 1  
																								<Children>: 1
																									<Frame>: 32 0 mixamorig:LeftHandPinky4
																										<Transform>: 0.0001449788 0.003209238 0 0 0 0 1 1 1 0 0 0 1  
																										<TransformMatrix>: 1 0 0 0 0 1 0 0 0 0 1 0 0.0001449788 0.003209238 0 1  
																										<Children>: 0
																									</Frame>
																							</Frame>
																					</Frame>
																			</Frame>
																			<Frame>: 33 0 mixamorig:LeftHandRing1
																				<Transform>: -0.001739389 0.01296466 -0.0004070282 358.8897 1.344203 349.5686 1 1 1 -0.01071484 0.01080024 -0.09078211 0.9957546  
																				<TransformMatrix>: 0.9832841 -0.1810249 -0.01956334 0 0.180562 0.9832876 -0.02329964 0 0.02345421 0.01937777 0.9995372 0 -0.001739389 0.01296466 -0.0004070282 1  
																				<Children>: 1
																					<Frame>: 34 0 mixamorig:LeftHandRing2
																						<Transform>: -0.000198139 0.00448308 0 0.01265672 359.7141 3.33521 1 1 1 3.778382E-05 -0.002497588 0.02910127 0.9995733  
																						<TransformMatrix>: 0.9982939 0.05817753 0.004995245 0 -0.0581779 0.9983062 -6.983057E-05 0 -0.004990845 -0.0002209014 0.9999875 0 -0.000198139 0.00448308 0 1  
																						<Children>: 1
																							<Frame>: 35 0 mixamorig:LeftHandRing3
																								<Transform>: 5.586147E-05 0.003978796 0 0.002875929 0.2059278 1.392123 0.9999999 0.9999999 1 4.692647E-05 0.001796621 0.0121482 0.9999246  
																								<TransformMatrix>: 0.9996983 0.02429473 -0.003591831 0 -0.02429439 0.9997048 0.0001374972 0 0.003594111 -5.019444E-05 0.9999936 0 5.586147E-05 0.003978796 0 1  
																								<Children>: 1
																									<Frame>: 36 0 mixamorig:LeftHandRing4
																										<Transform>: 0.0001422781 0.003698644 0 0 0 0 1 1 1 0 0 0 1  
																										<TransformMatrix>: 1 0 0 0 0 1 0 0 0 0 1 0 0.0001422781 0.003698644 0 1  
																										<Children>: 0
																									</Frame>
																							</Frame>
																					</Frame>
																			</Frame>
																			<Frame>: 37 0 mixamorig:LeftHandThumb1
																				<Transform>: 0.004001112 0.004504275 0.0006122398 21.46193 342.8795 332.6626 1 1 0.9999999 0.2134678 -0.09859466 -0.2026582 0.9505999  
																				<TransformMatrix>: 0.8984175 -0.4273874 0.1009261 0 0.3432002 0.8267223 0.445807 0 -0.2739702 -0.3658829 0.8894211 0 0.004001112 0.004504275 0.0006122398 1  
																				<Children>: 1
																					<Frame>: 38 0 mixamorig:LeftHandThumb2
																						<Transform>: 0.001003058 0.004739628 9.536743E-09 0.1555469 0.7352172 346.4108 0.9999999 1 1 0.0005887682 0.006531461 -0.1183168 0.9929543  
																						<TransformMatrix>: 0.9719169 -0.2349586 -0.0131102 0 0.234974 0.9720016 -0.0003763227 0 0.01283156 -0.002714803 0.999914 0 0.001003058 0.004739628 9.536743E-09 1  
																						<Children>: 1
																							<Frame>: 39 0 mixamorig:LeftHandThumb3
																								<Transform>: -0.0001185679 0.004149823 9.536743E-09 359.9579 1.470622 346.0413 1 1 1 -0.00192445 0.01269346 -0.1214966 0.9925088  
																								<TransformMatrix>: 0.9701549 -0.2412218 -0.02472911 0 0.2411241 0.9704697 -0.006904492 0 0.02566437 0.0007356425 0.9996704 0 -0.0001185679 0.004149823 9.536743E-09 1  
																								<Children>: 1
																									<Frame>: 40 0 mixamorig:LeftHandThumb4
																										<Transform>: -0.0008844947 0.003166389 -9.536743E-09 0 0 0 1 1 1 0 0 0 1  
																										<TransformMatrix>: 1 0 0 0 0 1 0 0 0 0 1 0 -0.0008844947 0.003166389 -9.536743E-09 1  
																										<Children>: 0
																									</Frame>
																							</Frame>
																					</Frame>
																			</Frame>
																	</Frame>
															</Frame>
													</Frame>
											</Frame>
											<Frame>: 41 0 mixamorig:Neck
												<Transform>: 0 0.01137625 2.384186E-09 8.899013 4.944897E-12 2.682007E-11 1 1 1 0.0775805 2.486465E-14 2.29996E-13 0.9969861  
												<TransformMatrix>: 1 4.624637E-13 -1.389301E-14 0 -4.547477E-13 0.9879627 0.1546934 0 8.526583E-14 -0.1546934 0.9879625 0 0 0.01137625 2.384186E-09 1  
												<Children>: 1
													<Frame>: 42 0 mixamorig:Head
														<Transform>: 0 0.005230913 0.003372643 0 7.231744E-28 -5.83128E-29 1 1 1 0 6.310887E-30 -5.088751E-31 1  
														<TransformMatrix>: 1 -1.01775E-30 -1.262177E-29 0 1.01775E-30 1 0 0 1.262177E-29 0 1 0 0 0.005230913 0.003372643 1  
														<Children>: 1
															<Frame>: 43 0 mixamorig:HeadTop_End
																<Transform>: 0 0.03688022 0.0237786 0 0 0 1 1 1 0 0 0 1  
																<TransformMatrix>: 1 0 0 0 0 1 0 0 0 0 1 0 0 0.03688022 0.0237786 1  
																<Children>: 0
															</Frame>
													</Frame>
											</Frame>
											<Frame>: 44 0 mixamorig:RightShoulder
												<Transform>: 0.005568863 0.009249859 -0.0003067219 84.5769 276.1992 185.5816 1 1 1 -0.5178428 -0.476168 0.5280812 -0.4756396  
												<TransformMatrix>: -0.01121151 -0.009192348 -0.9998949 0 0.9955131 -0.09406209 -0.01029766 0 -0.09395742 -0.9955239 0.01020563 0 0.005568863 0.009249859 -0.0003067219 1  
												<Children>: 1
													<Frame>: 45 0 mixamorig:RightArm
														<Transform>: 0 0.01183716 9.536743E-09 71.35123 26.49403 16.12556 0.9999999 1 0.9999999 0.5881744 0.1046842 -0.02141371 0.8016443  
														<TransformMatrix>: 0.9771652 0.08881274 -0.1930289 0 0.1574775 0.3071847 0.9385299 0 0.1426489 -0.9474965 0.2861842 0 0 0.01183716 9.536743E-09 1  
														<Children>: 1
															<Frame>: 46 0 mixamorig:RightForeArm
																<Transform>: 0 0.02307811 0 356.3912 31.73569 21.57261 0.9999999 1 1 0.02139167 0.2741237 0.1883832 0.9428204  
																<TransformMatrix>: 0.7787359 0.3669509 -0.5088392 0 -0.3434951 0.9281083 0.1436176 0 0.5249586 0.06294359 0.8487971 0 0 0.02307811 0 1  
																<Children>: 1
																	<Frame>: 47 0 mixamorig:RightHand
																		<Transform>: 0 0.02809602 4.768371E-09 0.707575 312.6 352.7805 1 0.9999999 0.9999999 0.03094891 -0.4007868 -0.05517205 0.9139848  
																		<TransformMatrix>: 0.672652 -0.1256607 0.729211 0 0.07604501 0.9919963 0.1007981 0 -0.7360411 -0.0123492 0.6768242 0 0 0.02809602 4.768371E-09 1  
																		<Children>: 5
																			<Frame>: 48 0 mixamorig:RightHandIndex1
																				<Transform>: -0.004970785 0.01425376 -0.0001758003 359.2979 359.912 7.883854 1 1 1 -0.00616478 -0.0003447036 0.06873935 0.9976156  
																				<TransformMatrix>: 0.9905496 0.1371551 -0.0001597627 0 -0.1371466 0.9904738 -0.01234755 0 -0.001535289 0.01225277 0.9999239 0 -0.004970785 0.01425376 -0.0001758003 1  
																				<Children>: 1
																					<Frame>: 49 0 mixamorig:RightHandIndex2
																						<Transform>: 4.726261E-05 0.0040557 0 -0.0001139403 359.9921 358.5154 0.9999999 1 1 -9.828089E-08 -6.916603E-05 -0.01295498 0.9999161  
																						<TransformMatrix>: 0.9996642 -0.02590778 0.000138323 0 0.02590778 0.9996644 1.595543E-06 0 -0.0001383179 1.988634E-06 1 0 4.726261E-05 0.0040557 0 1  
																						<Children>: 1
																							<Frame>: 50 0 mixamorig:RightHandIndex3
																								<Transform>: -5.303889E-05 0.003700428 0 -0.0001936443 0.01514957 0.9248785 1 1 1 -6.227845E-07 0.0001322142 0.008071 0.9999675  
																								<TransformMatrix>: 0.9998697 0.01614147 -0.0002644299 0 -0.01614147 0.9998697 8.886738E-07 0 0.0002644098 3.379731E-06 0.9999999 0 -5.303889E-05 0.003700428 0 1  
																								<Children>: 1
																									<Frame>: 51 0 mixamorig:RightHandIndex4
																										<Transform>: 5.775392E-06 0.003298779 0 0 0 0 1 1 1 0 0 0 1  
																										<TransformMatrix>: 1 0 0 0 0 1 0 0 0 0 1 0 5.775392E-06 0.003298779 0 1  
																										<Children>: 0
																									</Frame>
																							</Frame>
																					</Frame>
																			</Frame>
																			<Frame>: 52 0 mixamorig:RightHandMiddle1
																				<Transform>: -0.001739926 0.013736 -0.0001706123 359.3547 359.4642 9.298505 1 0.9999999 1 -0.00599182 -0.004203985 0.08102732 0.996685  
																				<TransformMatrix>: 0.9868338 0.1615678 0.007409094 0 -0.161467 0.9867973 -0.01262519 0 -0.009351099 0.01126264 0.9998928 0 -0.001739926 0.013736 -0.0001706123 1  
																				<Children>: 1
																					<Frame>: 53 0 mixamorig:RightHandMiddle2
																						<Transform>: 0.0001620322 0.004475012 0 0.006124641 0.1700735 357.6652 1 1 1 2.319833E-05 0.001484952 -0.02037378 0.9997913  
																						<TransformMatrix>: 0.9991657 -0.040739 -0.00297023 0 0.04073913 0.9991699 -1.412119E-05 0 0.002968339 -0.0001068952 0.9999957 0 0.0001620322 0.004475012 0 1  
																						<Children>: 1
																							<Frame>: 54 0 mixamorig:RightHandMiddle3
																								<Transform>: -1.948059E-05 0.004162493 0 0.0008240971 359.819 358.1002 1 1 0.9999999 3.337583E-05 -0.001579164 -0.01657813 0.9998614  
																								<TransformMatrix>: 0.9994454 -0.03315177 0.003156785 0 0.03315156 0.9994503 0.0001191016 0 -0.003158997 -1.438321E-05 0.9999949 0 -1.948059E-05 0.004162493 0 1  
																								<Children>: 1
																									<Frame>: 55 0 mixamorig:RightHandMiddle4
																										<Transform>: -0.0001425511 0.003788977 0 0 0 0 1 1 1 0 0 0 1  
																										<TransformMatrix>: 1 0 0 0 0 1 0 0 0 0 1 0 -0.0001425511 0.003788977 0 1  
																										<Children>: 0
																									</Frame>
																							</Frame>
																					</Frame>
																			</Frame>
																			<Frame>: 56 0 mixamorig:RightHandPinky1
																				<Transform>: 0.004875643 0.01139353 -0.0006365108 359.565 357.8064 9.983225 1 1 0.9999999 -0.005446235 -0.01873875 0.08692095 0.9960241  
																				<TransformMatrix>: 0.9841872 0.1733548 0.03638171 0 -0.1729466 0.9848302 -0.01410674 0 -0.03827528 0.007591582 0.9992383 0 0.004875643 0.01139353 -0.0006365108 1  
																				<Children>: 1
																					<Frame>: 57 0 mixamorig:RightHandPinky2
																						<Transform>: 0.0002191245 0.004571834 -9.536743E-09 0.009360029 0.1944381 355.4044 0.9999999 1 1 1.358518E-05 0.001698703 -0.04009379 0.9991945  
																						<TransformMatrix>: 0.9967791 -0.08012294 -0.003395758 0 0.08012304 0.996785 -0.0001090664 0 0.00339358 -0.0001633634 0.9999943 0 0.0002191245 0.004571834 -9.536743E-09 1  
																						<Children>: 1
																							<Frame>: 58 0 mixamorig:RightHandPinky3
																								<Transform>: -0.0001155436 0.003584642 9.536743E-09 0.002179289 359.9318 0.03717386 1 1 1 1.882485E-05 -0.0005950235 0.0003244144 0.9999998  
																								<TransformMatrix>: 0.9999992 0.0006488062 0.001190059 0 -0.000648851 0.9999999 3.726363E-05 0 -0.001190035 -3.803577E-05 0.9999993 0 -0.0001155436 0.003584642 9.536743E-09 1  
																								<Children>: 1
																									<Frame>: 59 0 mixamorig:RightHandPinky4
																										<Transform>: -0.0001035809 0.003279552 -9.536743E-09 0 0 0 1 1 1 0 0 0 1  
																										<TransformMatrix>: 1 0 0 0 0 1 0 0 0 0 1 0 -0.0001035809 0.003279552 -9.536743E-09 1  
																										<Children>: 0
																									</Frame>
																							</Frame>
																					</Frame>
																			</Frame>
																			<Frame>: 60 0 mixamorig:RightHandRing1
																				<Transform>: 0.001835071 0.01288885 -0.0002969265 359.4322 358.8528 9.698729 1 1 1 -0.005783588 -0.009556266 0.08448166 0.9963624  
																				<TransformMatrix>: 0.9855432 0.1684593 0.0180658 0 -0.1682382 0.9856589 -0.01313976 0 -0.02002023 0.009910442 0.9997506 0 0.001835071 0.01288885 -0.0002969265 1  
																				<Children>: 1
																					<Frame>: 61 0 mixamorig:RightHandRing2
																						<Transform>: 0.0001850289 0.00429369 0 0.008951076 0.2078099 356.1688 1 1 1 1.744918E-05 0.00181508 -0.03342744 0.9994395  
																						<TransformMatrix>: 0.9977587 -0.06681734 -0.003629293 0 0.06681748 0.9977653 -8.646816E-05 0 0.00362696 -0.0001562258 0.9999935 0 0.0001850289 0.00429369 0 1  
																						<Children>: 1
																							<Frame>: 62 0 mixamorig:RightHandRing3
																								<Transform>: -9.658873E-05 0.004073171 0 0.0001154009 -0.003914925 359.9858 1 1 1 1.0113E-06 -3.416404E-05 -0.0001240442 1  
																								<TransformMatrix>: 0.9999999 -0.0002480884 6.832784E-05 0 0.0002480883 0.9999999 2.031077E-06 0 -6.832834E-05 -2.014125E-06 1 0 -9.658873E-05 0.004073171 0 1  
																								<Children>: 1
																									<Frame>: 63 0 mixamorig:RightHandRing4
																										<Transform>: -8.844077E-05 0.003657169 0 0 0 0 1 1 1 0 0 0 1  
																										<TransformMatrix>: 1 0 0 0 0 1 0 0 0 0 1 0 -8.844077E-05 0.003657169 0 1  
																										<Children>: 0
																									</Frame>
																							</Frame>
																					</Frame>
																			</Frame>
																			<Frame>: 64 0 mixamorig:RightHandThumb1
																				<Transform>: -0.004167102 0.004736362 0.0006759834 21.91096 17.01095 25.28877 1 1 1 0.2151836 0.1005433 0.1851193 0.9535817  
																				<TransformMatrix>: 0.9112438 0.3963232 -0.1120832 0 -0.3097822 0.8388538 0.4476152 0 0.2714218 -0.3731652 0.8871742 0 -0.004167102 0.004736362 0.0006759834 1  
																				<Children>: 1
																					<Frame>: 65 0 mixamorig:RightHandThumb2
																						<Transform>: -0.001201785 0.004931416 -9.536743E-09 0.1490723 359.3884 17.95108 0.9999999 1 1 0.0004522236 -0.005475167 0.1560173 0.9877391  
																						<TransformMatrix>: 0.9512572 0.3082038 0.01095718 0 -0.3082138 0.9513169 -0.0008150842 0 -0.01067496 -0.0026018 0.9999396 0 -0.001201785 0.004931416 -9.536743E-09 1  
																						<Children>: 1
																							<Frame>: 66 0 mixamorig:RightHandThumb3
																								<Transform>: 0.0002941823 0.003954415 0 359.8425 357.8815 13.31812 1 1 1 -0.003508339 -0.01820221 0.1159159 0.993086  
																								<TransformMatrix>: 0.9724644 0.2303567 0.03533937 0 -0.2301013 0.9731024 -0.01118802 0 -0.03696606 0.002748312 0.9993128 0 0.0002941823 0.003954415 0 1  
																								<Children>: 1
																									<Frame>: 67 0 mixamorig:RightHandThumb4
																										<Transform>: 0.0009076094 0.002868075 9.536743E-09 0 0 0 1 1 0.9999999 0 0 0 1  
																										<TransformMatrix>: 1 0 0 0 0 1 0 0 0 0 0.9999999 0 0.0009076094 0.002868075 9.536743E-09 1  
																										<Children>: 0
																									</Frame>
																							</Frame>
																					</Frame>
																			</Frame>
																	</Frame>
															</Frame>
													</Frame>
											</Frame>
									</Frame>
							</Frame>
					</Frame>
			</Frame>
			<Frame>: 68 0 weapon
				<Transform>: 0.0003133583 0 -0.001953812 7.629395E-06 0 0 1 1 1 6.657903E-08 0 0 1  
				<TransformMatrix>: 1 0 0 0 0 1 1.331581E-07 0 0 -1.331581E-07 1 0 0.0003133583 0 -0.001953812 1  
				<Children>: 3
					<Frame>: 69 0 arrows_p1
						<Transform>: 0 0 0 0 0 0 1 1 1 0 0 0 1  
						<TransformMatrix>: 1 0 0 0 0 1 0 0 0 0 1 0 0 0 0 1  
						<Children>: 0
					</Frame>
					<Frame>: 70 0 arrows_p2
						<Transform>: 0 0 0 0 0 0 1 1 1 0 0 0 1  
						<TransformMatrix>: 1 0 0 0 0 1 0 0 0 0 1 0 0 0 0 1  
						<Children>: 0
					</Frame>
					<Frame>: 71 0 weapon1
						<Transform>: 0 0 0 0 0 0 1 1 1 0 0 0 1  
						<TransformMatrix>: 1 0 0 0 0 1 0 0 0 0 1 0 0 0 0 1  
						<Children>: 9
							<Frame>: 72 0 cage
								<Transform>: 0 0 0 0 0 0 1 1 1 0 0 0 1  
								<TransformMatrix>: 1 0 0 0 0 1 0 0 0 0 1 0 0 0 0 1  
								<Children>: 0
							</Frame>
							<Frame>: 73 0 weapon30
								<Transform>: -0.3815762 0.005209866 0 0 0 0 1.101812 1.101812 1.101812 0 0 0 1  
								<TransformMatrix>: 1.101812 0 0 0 0 1.101812 0 0 0 0 1.101812 0 -0.3815762 0.005209866 0 1  
								<Children>: 1
									<Frame>: 74 0 transform5
										<Transform>: 0 -0.1928943 0 2.035555E-13 0 0 1 1 1 1.776357E-15 0 0 1  
										<TransformMatrix>: 1 0 0 0 0 1 3.552714E-15 0 0 -3.552714E-15 1 0 0 -0.1928943 0 1  
										<Children>: 0
									</Frame>
							</Frame>
							<Frame>: 75 0 weapon32
								<Transform>: -0.3815762 0.005209866 0 0 0 0 1.101812 1.101812 1.101812 0 0 0 1  
								<TransformMatrix>: 1.101812 0 0 0 0 1.101812 0 0 0 0 1.101812 0 -0.3815762 0.005209866 0 1  
								<Children>: 1
									<Frame>: 76 0 transform7
										<Transform>: 0 -0.1928943 0 2.035555E-13 0 0 1 1 1 1.776357E-15 0 0 1  
										<TransformMatrix>: 1 0 0 0 0 1 3.552714E-15 0 0 -3.552714E-15 1 0 0 -0.1928943 0 1  
										<Children>: 0
									</Frame>
							</Frame>
							<Frame>: 77 0 weapon34
								<Transform>: -0.3815762 0.005209866 0 0 0 0 1.101812 1.101812 1.101812 0 0 0 1  
								<TransformMatrix>: 1.101812 0 0 0 0 1.101812 0 0 0 0 1.101812 0 -0.3815762 0.005209866 0 1  
								<Children>: 1
									<Frame>: 78 0 transform3
										<Transform>: 0 -0.1928943 0 2.035555E-13 0 0 1 1 1 1.776357E-15 0 0 1  
										<TransformMatrix>: 1 0 0 0 0 1 3.552714E-15 0 0 -3.552714E-15 1 0 0 -0.1928943 0 1  
										<Children>: 0
									</Frame>
							</Frame>
							<Frame>: 79 0 weapon36
								<Transform>: -0.3815762 0.005209866 0 0 0 0 1.101812 1.101812 1.101812 0 0 0 1  
								<TransformMatrix>: 1.101812 0 0 0 0 1.101812 0 0 0 0 1.101812 0 -0.3815762 0.005209866 0 1  
								<Children>: 1
									<Frame>: 80 0 transform1
										<Transform>: 0 -0.1928943 0 2.035555E-13 0 0 1 1 1 1.776357E-15 0 0 1  
										<TransformMatrix>: 1 0 0 0 0 1 3.552714E-15 0 0 -3.552714E-15 1 0 0 -0.1928943 0 1  
										<Children>: 0
									</Frame>
							</Frame>
							<Frame>: 81 0 weapon38
								<Transform>: -0.3815762 0.005209866 0 0 0 0 1.101812 1.101812 1.101812 0 0 0 1  
								<TransformMatrix>: 1.101812 0 0 0 0 1.101812 0 0 0 0 1.101812 0 -0.3815762 0.005209866 0 1  
								<Children>: 1
									<Frame>: 82 0 transform6
										<Transform>: 0 -0.1928943 0 2.035555E-13 0 0 1 1 1 1.776357E-15 0 0 1  
										<TransformMatrix>: 1 0 0 0 0 1 3.552714E-15 0 0 -3.552714E-15 1 0 0 -0.1928943 0 1  
										<Children>: 0
									</Frame>
							</Frame>
							<Frame>: 83 0 weapon40
								<Transform>: -0.3815762 0.005209866 0 0 0 0 1.101812 1.101812 1.101812 0 0 0 1  
								<TransformMatrix>: 1.101812 0 0 0 0 1.101812 0 0 0 0 1.101812 0 -0.3815762 0.005209866 0 1  
								<Children>: 1
									<Frame>: 84 0 transform8
										<Transform>: 0 -0.1928943 0 2.035555E-13 0 0 1 1 1 1.776357E-15 0 0 1  
										<TransformMatrix>: 1 0 0 0 0 1 3.552714E-15 0 0 -3.552714E-15 1 0 0 -0.1928943 0 1  
										<Children>: 0
									</Frame>
							</Frame>
							<Frame>: 85 0 weapon42
								<Transform>: -0.3815762 0.005209866 0 0 0 0 1.101812 1.101812 1.101812 0 0 0 1  
								<TransformMatrix>: 1.101812 0 0 0 0 1.101812 0 0 0 0 1.101812 0 -0.3815762 0.005209866 0 1  
								<Children>: 1
									<Frame>: 86 0 transform4
										<Transform>: 0 -0.1928943 0 2.035555E-13 0 0 1 1 1 1.776357E-15 0 0 1  
										<TransformMatrix>: 1 0 0 0 0 1 3.552714E-15 0 0 -3.552714E-15 1 0 0 -0.1928943 0 1  
										<Children>: 0
									</Frame>
							</Frame>
							<Frame>: 87 0 weapon44
								<Transform>: -0.3815762 0.005209866 0 0 0 0 1.101812 1.101812 1.101812 0 0 0 1  
								<TransformMatrix>: 1.101812 0 0 0 0 1.101812 0 0 0 0 1.101812 0 -0.3815762 0.005209866 0 1  
								<Children>: 1
									<Frame>: 88 0 transform2
										<Transform>: 0 -0.1928943 0 2.035555E-13 0 0 1 1 1 1.776357E-15 0 0 1  
										<TransformMatrix>: 1 0 0 0 0 1 3.552714E-15 0 0 -3.552714E-15 1 0 0 -0.1928943 0 1  
										<Children>: 0
									</Frame>
							</Frame>
					</Frame>
			</Frame>
	</Frame>
</Hierarchy>
<Animation>:
	<AnimationSets>: 4
		<FrameNames>: 89 SoldierMeleeA4 armor1 Group36936 mixamorig:Hips mixamorig:LeftUpLeg mixamorig:LeftLeg mixamorig:LeftFoot mixamorig:LeftToeBase mixamorig:LeftToe_End mixamorig:RightUpLeg mixamorig:RightLeg mixamorig:RightFoot mixamorig:RightToeBase mixamorig:RightToe_End mixamorig:Spine mixamorig:Spine1 mixamorig:Spine2 mixamorig:LeftShoulder mixamorig:LeftArm mixamorig:LeftForeArm mixamorig:LeftHand mixamorig:LeftHandIndex1 mixamorig:LeftHandIndex2 mixamorig:LeftHandIndex3 mixamorig:LeftHandIndex4 mixamorig:LeftHandMiddle1 mixamorig:LeftHandMiddle2 mixamorig:LeftHandMiddle3 mixamorig:LeftHandMiddle4 mixamorig:LeftHandPinky1 mixamorig:LeftHandPinky2 mixamorig:LeftHandPinky3 mixamorig:LeftHandPinky4 mixamorig:LeftHandRing1 mixamorig:LeftHandRing2 mixamorig:LeftHandRing3 mixamorig:LeftHandRing4 mixamorig:LeftHandThumb1 mixamorig:LeftHandThumb2 mixamorig:LeftHandThumb3 mixamorig:LeftHandThumb4 mixamorig:Neck mixamorig:Head mixamorig:HeadTop_End mixamorig:RightShoulder mixamorig:RightArm mixamorig:RightForeArm mixamorig:RightHand mixamorig:RightHandIndex1 mixamorig:RightHandIndex2 mixamorig:RightHandIndex3 mixamorig:RightHandIndex4 mixamorig:RightHandMiddle1 mixamorig:RightHandMiddle2 mixamorig:RightHandMiddle3 mixamorig:RightHandMiddle4 mixamorig:RightHandPinky1 mixamorig:RightHandPinky2 mixamorig:RightHandPinky3 mixamorig:RightHandPinky4 mixamorig:RightHandRing1 mixamorig:RightHandRing2 mixamorig:RightHandRing3 mixamorig:RightHandRing4 mixamorig:RightHandThumb1 mixamorig:RightHandThumb2 mixamorig:RightHandThumb3 mixamorig:RightHandThumb4 weapon arrows_p1 arrows_p2 weapon1 cage weapon30 transform5 weapon32 transform7 weapon34 transform3 weapon36 transform1 weapon38 transform6 weapon40 transform8 weapon42 transform4 weapon44 transform2  
		<AnimationSet>: 0 idle 1 30 30
